ansi='                                                                                                                        [0m
                                                                                                                        [0m
                                                                                                                        [0m
                                                                                                                        [0m
                                                                                                                        [0m
                                                                                                                        [0m
                                                                                                                        [0m
                                                   [38;2;8;8;8m█[38;2;15;15;15m█[38;2;23;23;23m█[38;2;30;30;30m█[38;2;36;36;36m█[38;2;40;40;40m█[38;2;44;44;44m█[38;2;43;43;43m█[38;2;42;42;42m█[38;2;42;42;42m█[38;2;40;40;40m█[38;2;39;39;39m█[38;2;37;37;37m█[38;2;32;32;32m█[38;2;26;26;26m█[38;2;19;19;19m█[38;2;11;11;11m█[38;2;6;6;6m█                                                   [0m
                                               [38;2;6;6;6m█[38;2;21;21;21m█[38;2;35;35;35m█[38;2;49;49;49m█[38;2;140;255;0m█[38;2;146;255;0m█[38;2;153;255;0m█[38;2;159;255;0m█[38;2;165;255;0m█[38;2;172;255;0m█[38;2;178;255;0m█[38;2;184;255;0m█[38;2;191;255;0m█[38;2;55;55;55m█[38;2;53;53;53m█[38;2;54;54;54m█[38;2;53;53;53m█[38;2;53;53;53m█[38;2;52;52;52m█[38;2;51;51;51m█[38;2;48;48;48m█[38;2;43;43;43m█[38;2;39;39;39m█[38;2;31;31;31m█[38;2;20;20;20m█[38;2;9;9;9m█                                               [0m
                                            [38;2;4;4;4m█[38;2;21;21;21m█[38;2;42;42;42m█[38;2;255;210;0m█[38;2;255;204;0m█[38;2;255;197;0m█[38;2;255;191;0m█[38;2;255;184;0m█[38;2;255;178;0m█[38;2;255;172;0m█[38;2;255;165;0m█[38;2;255;159;0m█[38;2;255;153;0m█[38;2;255;146;0m█[38;2;55;55;55m█[38;2;54;54;54m█[38;2;53;53;53m█[38;2;52;52;52m█[38;2;53;53;53m█[38;2;51;51;51m█[38;2;50;50;50m█[38;2;49;49;49m█[38;2;48;48;48m█[38;2;48;48;48m█[38;2;48;48;48m█[38;2;49;49;49m█[38;2;50;50;50m█[38;2;48;48;48m█[38;2;45;45;45m█[38;2;37;37;37m█[38;2;21;21;21m█[38;2;4;4;4m█                                            [0m
                                           [38;2;22;22;22m█[38;2;53;53;53m█[38;2;255;12;0m█[38;2;255;6;0m█[38;2;0;255;0m█[38;2;6;255;0m█[38;2;12;255;0m█[38;2;19;255;0m█[38;2;25;255;0m█[38;2;31;255;0m█[38;2;38;255;0m█[38;2;44;255;0m█[38;2;51;255;0m█[38;2;57;255;0m█[38;2;63;255;0m█[38;2;55;55;55m█[38;2;54;54;54m█[38;2;53;53;53m█[38;2;52;52;52m█[38;2;52;52;52m█[38;2;51;51;51m█[38;2;50;50;50m█[38;2;49;49;49m█[38;2;48;48;48m█[38;2;48;48;48m█[38;2;47;47;47m█[38;2;48;48;48m█[38;2;48;48;48m█[38;2;46;46;46m█[38;2;46;46;46m█[38;2;46;46;46m█[38;2;47;47;47m█[38;2;35;35;35m█[38;2;7;7;7m█                                           [0m
                                         [38;2;9;9;9m█[38;2;44;44;44m█[38;2;204;255;0m█[38;2;210;255;0m█[38;2;216;255;0m█[38;2;223;255;0m█[38;2;229;255;0m█[38;2;235;255;0m█[38;2;242;255;0m█[38;2;248;255;0m█[38;2;255;255;0m█[38;2;255;248;0m█[38;2;255;242;0m█[38;2;255;235;0m█[38;2;255;229;0m█[38;2;255;223;0m█[38;2;255;216;0m█[38;2;55;55;55m█[38;2;54;54;54m█[38;2;53;53;53m█[38;2;52;52;52m█[38;2;52;52;52m█[38;2;51;51;51m█[38;2;50;50;50m█[38;2;49;49;49m█[38;2;48;48;48m█[38;2;48;48;48m█[38;2;48;48;48m█[38;2;47;47;47m█[38;2;48;48;48m█[38;2;47;47;47m█[38;2;47;47;47m█[38;2;46;46;46m█[38;2;46;46;46m█[38;2;46;46;46m█[38;2;36;36;36m█[38;2;8;8;8m█                                          [0m
                                        [38;2;16;16;16m█[38;2;255;76;0m█[38;2;255;70;0m█[38;2;255;63;0m█[38;2;255;57;0m█[38;2;255;50;0m█[38;2;255;44;0m█[38;2;255;38;0m█[38;2;255;31;0m█[38;2;255;25;0m█[38;2;255;19;0m█[38;2;255;12;0m█[38;2;255;6;0m█[38;2;0;255;0m█[38;2;6;255;0m█[38;2;12;255;0m█[38;2;19;255;0m█[38;2;25;255;0m█[38;2;55;55;55m█[38;2;54;54;54m█[38;2;53;53;53m█[38;2;52;52;52m█[38;2;52;52;52m█[38;2;51;51;51m█[38;2;50;50;50m█[38;2;49;49;49m█[38;2;48;48;48m█[38;2;48;48;48m█[38;2;48;48;48m█[38;2;48;48;48m█[38;2;48;48;48m█[38;2;47;47;47m█[38;2;47;47;47m█[38;2;46;46;46m█[38;2;46;46;46m█[38;2;45;45;45m█[38;2;46;46;46m█[38;2;38;38;38m█[38;2;9;9;9m█                                         [0m
                                       [38;2;10;10;10m█[38;2;172;255;0m█[38;2;178;255;0m█[38;2;184;255;0m█[38;2;191;255;0m█[38;2;197;255;0m█[38;2;204;255;0m█[38;2;210;255;0m█[38;2;216;255;0m█[38;2;223;255;0m█[38;2;229;255;0m█[38;2;235;255;0m█[38;2;242;255;0m█[38;2;248;255;0m█[38;2;255;255;0m█[38;2;255;248;0m█[38;2;255;242;0m█[38;2;255;235;0m█[38;2;255;229;0m█[38;2;55;55;55m█[38;2;54;54;54m█[38;2;53;53;53m█[38;2;52;52;52m█[38;2;52;52;52m█[38;2;51;51;51m█[38;2;50;50;50m█[38;2;49;49;49m█[38;2;48;48;48m█[38;2;48;48;48m█[38;2;48;48;48m█[38;2;48;48;48m█[38;2;48;48;48m█[38;2;47;47;47m█[38;2;46;46;46m█[38;2;46;46;46m█[38;2;45;45;45m█[38;2;45;45;45m█[38;2;45;45;45m█[38;2;44;44;44m█[38;2;37;37;37m█[38;2;7;7;7m█                                        [0m
                                       [38;2;43;43;43m█[38;2;255;76;0m█[38;2;255;70;0m█[38;2;255;63;0m█[38;2;255;57;0m█[38;2;255;50;0m█[38;2;255;44;0m█[38;2;255;38;0m█[38;2;255;31;0m█[38;2;255;25;0m█[38;2;255;19;0m█[38;2;255;12;0m█[38;2;255;6;0m█[38;2;0;255;0m█[38;2;6;255;0m█[38;2;12;255;0m█[38;2;19;255;0m█[38;2;25;255;0m█[38;2;31;255;0m█[38;2;55;55;55m█[38;2;55;55;55m█[38;2;53;53;53m█[38;2;52;52;52m█[38;2;52;52;52m█[38;2;51;51;51m█[38;2;50;50;50m█[38;2;49;49;49m█[38;2;48;48;48m█[38;2;48;48;48m█[38;2;48;48;48m█[38;2;48;48;48m█[38;2;47;47;47m█[38;2;47;47;47m█[38;2;46;46;46m█[38;2;45;45;45m█[38;2;45;45;45m█[38;2;46;46;46m█[38;2;46;46;46m█[38;2;44;44;44m█[38;2;45;45;45m█[38;2;35;35;35m█[38;2;3;3;3m█                                       [0m
                                      [38;2;20;20;20m█[38;2;191;255;0m█[38;2;197;255;0m█[38;2;204;255;0m█[38;2;210;255;0m█[38;2;216;255;0m█[38;2;223;255;0m█[38;2;229;255;0m█[38;2;235;255;0m█[38;2;242;255;0m█[38;2;248;255;0m█[38;2;255;255;0m█[38;2;255;248;0m█[38;2;255;242;0m█[38;2;255;235;0m█[38;2;255;229;0m█[38;2;255;223;0m█[38;2;255;216;0m█[38;2;255;210;0m█[38;2;255;204;0m█[38;2;55;55;55m█[38;2;54;54;54m█[38;2;53;53;53m█[38;2;52;52;52m█[38;2;52;52;52m█[38;2;51;51;51m█[38;2;50;50;50m█[38;2;49;49;49m█[38;2;48;48;48m█[38;2;48;48;48m█[38;2;48;48;48m█[38;2;48;48;48m█[38;2;47;47;47m█[38;2;47;47;47m█[38;2;46;46;46m█[38;2;45;45;45m█[38;2;45;45;45m█[38;2;46;46;46m█[38;2;45;45;45m█[38;2;44;44;44m█[38;2;44;44;44m█[38;2;46;46;46m█[38;2;20;20;20m█                                       [0m
                                      [38;2;44;44;44m█[38;2;255;44;0m█[38;2;255;38;0m█[38;2;255;31;0m█[38;2;255;25;0m█[38;2;255;19;0m█[38;2;255;12;0m█[38;2;255;6;0m█[38;2;0;255;0m█[38;2;6;255;0m█[38;2;12;255;0m█[38;2;19;255;0m█[38;2;25;255;0m█[38;2;31;255;0m█[38;2;38;255;0m█[38;2;44;255;0m█[38;2;51;255;0m█[38;2;57;255;0m█[38;2;63;255;0m█[38;2;70;255;0m█[38;2;55;55;55m█[38;2;54;54;54m█[38;2;53;53;53m█[38;2;53;53;53m█[38;2;52;52;52m█[38;2;51;51;51m█[38;2;50;50;50m█[38;2;49;49;49m█[38;2;48;48;48m█[38;2;48;48;48m█[38;2;48;48;48m█[38;2;47;47;47m█[38;2;47;47;47m█[38;2;47;47;47m█[38;2;46;46;46m█[38;2;45;45;45m█[38;2;45;45;45m█[38;2;46;46;46m█[38;2;45;45;45m█[38;2;44;44;44m█[38;2;44;44;44m█[38;2;43;43;43m█[38;2;41;41;41m█[38;2;8;8;8m█                                      [0m
                                     [38;2;9;9;9m█[38;2;235;255;0m█[38;2;242;255;0m█[38;2;248;255;0m█[38;2;255;255;0m█[38;2;255;248;0m█[38;2;255;242;0m█[38;2;255;235;0m█[38;2;255;229;0m█[38;2;255;223;0m█[38;2;255;216;0m█[38;2;255;210;0m█[38;2;255;204;0m█[38;2;255;197;0m█[38;2;255;191;0m█[38;2;255;184;0m█[38;2;255;178;0m█[38;2;255;172;0m█[38;2;255;165;0m█[38;2;255;159;0m█[38;2;255;153;0m█[38;2;55;55;55m█[38;2;53;53;53m█[38;2;53;53;53m█[38;2;53;53;53m█[38;2;52;52;52m█[38;2;51;51;51m█[38;2;50;50;50m█[38;2;49;49;49m█[38;2;48;48;48m█[38;2;48;48;48m█[38;2;48;48;48m█[38;2;47;47;47m█[38;2;47;47;47m█[38;2;47;47;47m█[38;2;45;45;45m█[38;2;44;44;44m█[38;2;45;45;45m█[38;2;46;46;46m█[38;2;45;45;45m█[38;2;44;44;44m█[38;2;44;44;44m█[38;2;43;43;43m█[38;2;45;45;45m█[38;2;29;29;29m█                                      [0m
                                     [38;2;25;25;25m█[38;2;12;255;0m█[38;2;19;255;0m█[38;2;25;255;0m█[38;2;31;255;0m█[38;2;38;255;0m█[38;2;44;255;0m█[38;2;51;255;0m█[38;2;57;255;0m█[38;2;63;255;0m█[38;2;70;255;0m█[38;2;76;255;0m█[38;2;82;255;0m█[38;2;89;255;0m█[38;2;95;255;0m█[38;2;102;255;0m█[38;2;108;255;0m█[38;2;114;255;0m█[38;2;121;255;0m█[38;2;127;255;0m█[38;2;133;255;0m█[38;2;55;55;55m█[38;2;54;54;54m█[38;2;54;54;54m█[38;2;53;53;53m█[38;2;53;53;53m█[38;2;51;51;51m█[38;2;50;50;50m█[38;2;49;49;49m█[38;2;48;48;48m█[38;2;48;48;48m█[38;2;48;48;48m█[38;2;48;48;48m█[38;2;47;47;47m█[38;2;47;47;47m█[38;2;46;46;46m█[38;2;45;45;45m█[38;2;46;46;46m█[38;2;45;45;45m█[38;2;44;44;44m█[38;2;43;43;43m█[38;2;44;44;44m█[38;2;42;42;42m█[38;2;43;43;43m█[38;2;43;43;43m█[38;2;8;8;8m█                                     [0m
                                     [38;2;43;43;43m█[38;2;255;204;0m█[38;2;255;197;0m█[38;2;255;191;0m█[38;2;255;184;0m█[38;2;255;178;0m█[38;2;255;172;0m█[38;2;255;165;0m█[38;2;255;159;0m█[38;2;255;153;0m█[38;2;255;146;0m█[38;2;255;140;0m█[38;2;255;133;0m█[38;2;255;127;0m█[38;2;255;121;0m█[38;2;255;114;0m█[38;2;255;108;0m█[38;2;255;101;0m█[38;2;255;95;0m█[38;2;255;89;0m█[38;2;255;82;0m█[38;2;55;55;55m█[38;2;54;54;54m█[38;2;54;54;54m█[38;2;52;52;52m█[38;2;52;52;52m█[38;2;51;51;51m█[38;2;50;50;50m█[38;2;49;49;49m█[38;2;48;48;48m█[38;2;48;48;48m█[38;2;48;48;48m█[38;2;48;48;48m█[38;2;47;47;47m█[38;2;47;47;47m█[38;2;45;45;45m█[38;2;44;44;44m█[38;2;45;45;45m█[38;2;46;46;46m█[38;2;44;44;44m█[38;2;43;43;43m█[38;2;44;44;44m█[38;2;43;43;43m█[38;2;43;43;43m█[38;2;45;45;45m█[38;2;21;21;21m█                                     [0m
                                    [38;2;4;4;4m█[38;2;53;53;53m█[38;2;95;255;0m█[38;2;102;255;0m█[38;2;108;255;0m█[38;2;114;255;0m█[38;2;121;255;0m█[38;2;127;255;0m█[38;2;133;255;0m█[38;2;140;255;0m█[38;2;146;255;0m█[38;2;153;255;0m█[38;2;159;255;0m█[38;2;165;255;0m█[38;2;172;255;0m█[38;2;178;255;0m█[38;2;184;255;0m█[38;2;191;255;0m█[38;2;197;255;0m█[38;2;204;255;0m█[38;2;210;255;0m█[38;2;216;255;0m█[38;2;223;255;0m█[38;2;229;255;0m█[38;2;55;55;55m█[38;2;53;53;53m█[38;2;53;53;53m█[38;2;51;51;51m█[38;2;50;50;50m█[38;2;49;49;49m█[38;2;48;48;48m█[38;2;48;48;48m█[38;2;48;48;48m█[38;2;48;48;48m█[38;2;47;47;47m█[38;2;47;47;47m█[38;2;46;46;46m█[38;2;45;45;45m█[38;2;46;46;46m█[38;2;46;46;46m█[38;2;44;44;44m█[38;2;43;43;43m█[38;2;43;43;43m█[38;2;43;43;43m█[38;2;43;43;43m█[38;2;44;44;44m█[38;2;31;31;31m█                                     [0m
                                    [38;2;13;13;13m█[38;2;255;121;0m█[38;2;255;114;0m█[38;2;255;108;0m█[38;2;255;101;0m█[38;2;255;95;0m█[38;2;255;89;0m█[38;2;255;82;0m█[38;2;255;76;0m█[38;2;255;70;0m█[38;2;255;63;0m█[38;2;255;57;0m█[38;2;255;50;0m█[38;2;255;44;0m█[38;2;255;38;0m█[38;2;255;31;0m█[38;2;255;25;0m█[38;2;255;19;0m█[38;2;53;53;53m█[38;2;48;48;48m█[38;2;43;43;43m█[38;2;39;39;39m█[38;2;36;36;36m█[38;2;37;37;37m█[38;2;35;35;35m█[38;2;42;42;42m█[38;2;50;50;50m█[38;2;51;51;51m█[38;2;51;51;51m█[38;2;49;49;49m█[38;2;48;48;48m█[38;2;48;48;48m█[38;2;48;48;48m█[38;2;48;48;48m█[38;2;47;47;47m█[38;2;47;47;47m█[38;2;46;46;46m█[38;2;45;45;45m█[38;2;46;46;46m█[38;2;45;45;45m█[38;2;44;44;44m█[38;2;43;43;43m█[38;2;43;43;43m█[38;2;43;43;43m█[38;2;43;43;43m█[38;2;43;43;43m█[38;2;41;41;41m█[38;2;5;5;5m█                                    [0m
                                    [38;2;22;22;22m█[38;2;184;255;0m█[38;2;191;255;0m█[38;2;197;255;0m█[38;2;204;255;0m█[38;2;210;255;0m█[38;2;216;255;0m█[38;2;223;255;0m█[38;2;229;255;0m█[38;2;235;255;0m█[38;2;242;255;0m█[38;2;248;255;0m█[38;2;255;255;0m█[38;2;255;248;0m█[38;2;255;242;0m█[38;2;46;46;46m█[38;2;32;32;32m█[38;2;25;25;25m█[38;2;22;22;22m█[38;2;21;21;21m█[38;2;23;23;23m█[38;2;31;31;31m█[38;2;27;27;27m█[38;2;23;23;23m█[38;2;19;19;19m█[38;2;24;24;24m█[38;2;31;31;31m█[38;2;36;36;36m█[38;2;44;44;44m█[38;2;48;48;48m█[38;2;48;48;48m█[38;2;49;49;49m█[38;2;49;49;49m█[38;2;48;48;48m█[38;2;48;48;48m█[38;2;47;47;47m█[38;2;45;45;45m█[38;2;44;44;44m█[38;2;46;46;46m█[38;2;45;45;45m█[38;2;44;44;44m█[38;2;43;43;43m█[38;2;43;43;43m█[38;2;43;43;43m█[38;2;43;43;43m█[38;2;43;43;43m█[38;2;45;45;45m█[38;2;14;14;14m█                                    [0m
                                    [38;2;25;25;25m█[38;2;255;19;0m█[38;2;255;12;0m█[38;2;255;6;0m█[38;2;0;255;0m█[38;2;6;255;0m█[38;2;12;255;0m█[38;2;19;255;0m█[38;2;25;255;0m█[38;2;31;255;0m█[38;2;38;255;0m█[38;2;44;255;0m█[38;2;45;45;45m█[38;2;28;28;28m█[38;2;18;18;18m█[38;2;10;10;10m█[38;2;13;13;13m█[38;2;34;34;34m█[38;2;46;46;46m█[38;2;54;54;54m█[38;2;102;255;0m█[38;2;55;55;55m█[38;2;45;45;45m█[38;2;38;38;38m█[38;2;55;55;55m█[38;2;49;49;49m█[38;2;43;43;43m█[38;2;43;43;43m█[38;2;40;40;40m█[38;2;39;39;39m█[38;2;42;42;42m█[38;2;37;37;37m█[38;2;39;39;39m█[38;2;43;43;43m█[38;2;43;43;43m█[38;2;46;46;46m█[38;2;47;47;47m█[38;2;46;46;46m█[38;2;45;45;45m█[38;2;45;45;45m█[38;2;44;44;44m█[38;2;43;43;43m█[38;2;43;43;43m█[38;2;43;43;43m█[38;2;43;43;43m█[38;2;43;43;43m█[38;2;45;45;45m█[38;2;24;24;24m█                                    [0m
                                    [38;2;30;30;30m█[38;2;255;223;0m█[38;2;255;216;0m█[38;2;255;210;0m█[38;2;255;204;0m█[38;2;255;197;0m█[38;2;255;191;0m█[38;2;255;184;0m█[38;2;50;50;50m█[38;2;37;37;37m█[38;2;21;21;21m█[38;2;14;14;14m█[38;2;8;8;8m█[38;2;16;16;16m█[38;2;38;38;38m█[38;2;44;44;44m█[38;2;54;54;54m█[38;2;39;39;39m█[38;2;255;114;0m█[38;2;255;108;0m█[38;2;46;46;46m█[38;2;255;95;0m█[38;2;255;89;0m█[38;2;44;44;44m█[38;2;255;76;0m█[38;2;255;70;0m█[38;2;49;49;49m█[38;2;45;45;45m█[38;2;50;50;50m█[38;2;55;55;55m█[38;2;52;52;52m█[38;2;42;42;42m█[38;2;34;34;34m█[38;2;31;31;31m█[38;2;17;17;17m█[38;2;22;22;22m█[38;2;26;26;26m█[38;2;34;34;34m█[38;2;46;46;46m█[38;2;45;45;45m█[38;2;44;44;44m█[38;2;43;43;43m█[38;2;43;43;43m█[38;2;43;43;43m█[38;2;43;43;43m█[38;2;43;43;43m█[38;2;45;45;45m█[38;2;30;30;30m█                                    [0m
                                    [38;2;43;43;43m█[38;2;82;255;0m█[38;2;89;255;0m█[38;2;95;255;0m█[38;2;102;255;0m█[38;2;108;255;0m█[38;2;33;33;33m█[38;2;11;11;11m█[38;2;5;5;5m█[38;2;7;7;7m█[38;2;27;27;27m█[38;2;23;23;23m█[38;2;22;22;22m█[38;2;33;33;33m█[38;2;165;255;0m█[38;2;172;255;0m█[38;2;178;255;0m█[38;2;184;255;0m█[38;2;191;255;0m█[38;2;197;255;0m█[38;2;53;53;53m█[38;2;210;255;0m█[38;2;216;255;0m█[38;2;223;255;0m█[38;2;229;255;0m█[38;2;235;255;0m█[38;2;242;255;0m█[38;2;248;255;0m█[38;2;255;255;0m█[38;2;255;248;0m█[38;2;255;242;0m█[38;2;42;42;42m█[38;2;31;31;31m█[38;2;30;30;30m█[38;2;32;32;32m█[38;2;36;36;36m█[38;2;36;36;36m█[38;2;30;30;30m█[38;2;36;36;36m█[38;2;46;46;46m█[38;2;44;44;44m█[38;2;43;43;43m█[38;2;43;43;43m█[38;2;43;43;43m█[38;2;42;42;42m█[38;2;42;42;42m█[38;2;43;43;43m█[38;2;33;33;33m█                                    [0m
                                    [38;2;51;51;51m█[38;2;255;121;0m█[38;2;255;114;0m█[38;2;255;108;0m█[38;2;255;101;0m█[38;2;19;19;19m█ [38;2;8;8;8m█[38;2;22;22;22m█[38;2;39;39;39m█[38;2;255;70;0m█[38;2;38;38;38m█[38;2;39;39;39m█[38;2;255;50;0m█[38;2;255;44;0m█[38;2;255;38;0m█[38;2;255;31;0m█[38;2;255;25;0m█[38;2;255;19;0m█[38;2;255;12;0m█[38;2;255;6;0m█[38;2;0;255;0m█[38;2;6;255;0m█[38;2;12;255;0m█[38;2;19;255;0m█[38;2;25;255;0m█[38;2;31;255;0m█[38;2;38;255;0m█[38;2;44;255;0m█[38;2;51;255;0m█[38;2;57;255;0m█[38;2;54;54;54m█[38;2;55;55;55m█[38;2;76;255;0m█[38;2;82;255;0m█[38;2;89;255;0m█[38;2;55;55;55m█[38;2;40;40;40m█[38;2;31;31;31m█[38;2;40;40;40m█[38;2;45;45;45m█[38;2;44;44;44m█[38;2;43;43;43m█[38;2;43;43;43m█[38;2;42;42;42m█[38;2;42;42;42m█[38;2;44;44;44m█[38;2;30;30;30m█                                    [0m
                                   [38;2;6;6;6m█[38;2;178;255;0m█[38;2;184;255;0m█[38;2;191;255;0m█[38;2;197;255;0m█[38;2;20;20;20m█  [38;2;17;17;17m█[38;2;28;28;28m█[38;2;49;49;49m█[38;2;51;51;51m█[38;2;235;255;0m█[38;2;242;255;0m█[38;2;248;255;0m█[38;2;255;255;0m█[38;2;255;248;0m█[38;2;255;242;0m█[38;2;255;235;0m█[38;2;255;229;0m█[38;2;255;223;0m█[38;2;255;216;0m█[38;2;255;210;0m█[38;2;255;204;0m█[38;2;255;197;0m█[38;2;255;191;0m█[38;2;255;184;0m█[38;2;255;178;0m█[38;2;50;50;50m█[38;2;55;55;55m█[38;2;255;159;0m█[38;2;38;38;38m█[38;2;255;146;0m█[38;2;255;140;0m█[38;2;255;133;0m█[38;2;255;127;0m█[38;2;255;121;0m█[38;2;44;44;44m█[38;2;33;33;33m█[38;2;30;30;30m█[38;2;22;22;22m█[38;2;38;38;38m█[38;2;47;47;47m█[38;2;44;44;44m█[38;2;44;44;44m█[38;2;43;43;43m█[38;2;43;43;43m█[38;2;44;44;44m█[38;2;26;26;26m█                                    [0m
                                   [38;2;10;10;10m█[38;2;255;31;0m█[38;2;255;25;0m█[38;2;255;19;0m█[38;2;36;36;36m█ [38;2;3;3;3m█[38;2;13;13;13m█[38;2;39;39;39m█[38;2;17;17;17m█[38;2;14;14;14m█[38;2;47;47;47m█[38;2;48;48;48m█[38;2;38;255;0m█[38;2;44;255;0m█[38;2;51;255;0m█[38;2;57;255;0m█[38;2;63;255;0m█[38;2;70;255;0m█[38;2;76;255;0m█[38;2;82;255;0m█[38;2;89;255;0m█[38;2;95;255;0m█[38;2;102;255;0m█[38;2;108;255;0m█[38;2;114;255;0m█[38;2;121;255;0m█[38;2;127;255;0m█[38;2;53;53;53m█[38;2;50;50;50m█[38;2;46;46;46m█[38;2;49;49;49m█[38;2;159;255;0m█[38;2;48;48;48m█[38;2;44;44;44m█[38;2;178;255;0m█[38;2;45;45;45m█[38;2;34;34;34m█[38;2;34;34;34m█[38;2;26;26;26m█[38;2;17;17;17m█[38;2;11;11;11m█[38;2;47;47;47m█[38;2;45;45;45m█[38;2;44;44;44m█[38;2;44;44;44m█[38;2;42;42;42m█[38;2;45;45;45m█[38;2;24;24;24m█                                    [0m
                                   [38;2;15;15;15m█[38;2;255;235;0m█[38;2;255;229;0m█[38;2;255;223;0m█[38;2;24;24;24m█[38;2;4;4;4m█[38;2;4;4;4m█[38;2;15;15;15m█[38;2;47;47;47m█[38;2;13;13;13m█[38;2;8;8;8m█[38;2;255;172;0m█[38;2;255;165;0m█[38;2;255;159;0m█[38;2;255;153;0m█[38;2;255;146;0m█[38;2;255;140;0m█[38;2;255;133;0m█[38;2;255;127;0m█[38;2;255;121;0m█[38;2;255;114;0m█[38;2;255;108;0m█[38;2;255;101;0m█[38;2;255;95;0m█[38;2;255;89;0m█[38;2;255;82;0m█[38;2;255;76;0m█[38;2;255;70;0m█[38;2;255;63;0m█[38;2;255;57;0m█[38;2;255;50;0m█[38;2;54;54;54m█[38;2;255;38;0m█[38;2;47;47;47m█[38;2;37;37;37m█[38;2;255;19;0m█[38;2;26;26;26m█[38;2;10;10;10m█[38;2;31;31;31m█[38;2;30;30;30m█[38;2;22;22;22m█ [38;2;38;38;38m█[38;2;53;53;53m█[38;2;42;42;42m█[38;2;44;44;44m█[38;2;43;43;43m█[38;2;46;46;46m█[38;2;18;18;18m█                                    [0m
                                   [38;2;19;19;19m█[38;2;70;255;0m█[38;2;76;255;0m█[38;2;82;255;0m█[38;2;38;38;38m█[38;2;12;12;12m█ [38;2;3;3;3m█[38;2;108;255;0m█[38;2;18;18;18m█[38;2;7;7;7m█[38;2;54;54;54m█[38;2;133;255;0m█[38;2;140;255;0m█[38;2;54;54;54m█[38;2;153;255;0m█[38;2;159;255;0m█[38;2;165;255;0m█[38;2;172;255;0m█[38;2;178;255;0m█[38;2;184;255;0m█[38;2;191;255;0m█[38;2;197;255;0m█[38;2;204;255;0m█[38;2;210;255;0m█[38;2;216;255;0m█[38;2;49;49;49m█[38;2;53;53;53m█[38;2;235;255;0m█[38;2;242;255;0m█[38;2;55;55;55m█[38;2;55;55;55m█[38;2;51;51;51m█[38;2;38;38;38m█[38;2;36;36;36m█[38;2;39;39;39m█[38;2;13;13;13m█[38;2;4;4;4m█[38;2;23;23;23m█[38;2;12;12;12m█[38;2;12;12;12m█ [38;2;7;7;7m█[38;2;42;42;42m█[38;2;42;42;42m█[38;2;43;43;43m█[38;2;44;44;44m█[38;2;40;40;40m█[38;2;6;6;6m█                                    [0m
                                   [38;2;33;33;33m█[38;2;255;140;0m█[38;2;255;133;0m█[38;2;255;127;0m█[38;2;255;121;0m█[38;2;20;20;20m█  [38;2;53;53;53m█[38;2;20;20;20m█  [38;2;44;44;44m█[38;2;43;43;43m█ [38;2;255;82;0m█[38;2;255;76;0m█[38;2;255;70;0m█[38;2;255;63;0m█[38;2;255;57;0m█[38;2;255;50;0m█[38;2;255;44;0m█[38;2;54;54;54m█[38;2;48;48;48m█[38;2;52;52;52m█[38;2;47;47;47m█[38;2;32;32;32m█[38;2;52;52;52m█[38;2;0;255;0m█[38;2;51;51;51m█[38;2;50;50;50m█[38;2;52;52;52m█[38;2;55;55;55m█[38;2;43;43;43m█[38;2;38;38;38m█[38;2;30;30;30m█[38;2;11;11;11m█[38;2;3;3;3m█[38;2;17;17;17m█[38;2;14;14;14m█[38;2;24;24;24m█  [38;2;36;36;36m█[38;2;44;44;44m█[38;2;43;43;43m█[38;2;44;44;44m█[38;2;17;17;17m█                                     [0m
                                   [38;2;35;35;35m█[38;2;121;255;0m█[38;2;127;255;0m█[38;2;133;255;0m█[38;2;140;255;0m█[38;2;23;23;23m█ [38;2;4;4;4m█[38;2;159;255;0m█[38;2;23;23;23m█  [38;2;41;41;41m█[38;2;38;38;38m█[38;2;13;13;13m█[38;2;191;255;0m█[38;2;197;255;0m█[38;2;204;255;0m█[38;2;210;255;0m█[38;2;216;255;0m█[38;2;223;255;0m█[38;2;55;55;55m█[38;2;235;255;0m█[38;2;46;46;46m█[38;2;35;35;35m█[38;2;44;44;44m█[38;2;40;40;40m█[38;2;255;242;0m█[38;2;255;235;0m█[38;2;255;229;0m█[38;2;49;49;49m█[38;2;49;49;49m█[38;2;40;40;40m█[38;2;27;27;27m█[38;2;25;25;25m█[38;2;39;39;39m█[38;2;11;11;11m█  [38;2;9;9;9m█[38;2;24;24;24m█ [38;2;3;3;3m█[38;2;37;37;37m█[38;2;43;43;43m█[38;2;44;44;44m█[38;2;30;30;30m█                                      [0m
                                   [38;2;17;17;17m█[38;2;255;127;0m█[38;2;255;121;0m█[38;2;255;114;0m█[38;2;255;108;0m█[38;2;15;15;15m█ [38;2;4;4;4m█[38;2;48;48;48m█[38;2;15;15;15m█  [38;2;31;31;31m█[38;2;255;70;0m█[38;2;255;63;0m█[38;2;38;38;38m█[38;2;39;39;39m█[38;2;255;44;0m█[38;2;255;38;0m█[38;2;255;31;0m█[38;2;55;55;55m█[38;2;31;31;31m█[38;2;255;12;0m█[38;2;255;6;0m█[38;2;42;42;42m█[38;2;55;55;55m█[38;2;26;26;26m█[38;2;18;18;18m█[38;2;46;46;46m█[38;2;42;42;42m█[38;2;38;38;38m█[38;2;44;44;44m█[38;2;8;8;8m█  [38;2;32;32;32m█[38;2;12;12;12m█  [38;2;10;10;10m█[38;2;20;20;20m█ [38;2;15;15;15m█[38;2;43;43;43m█[38;2;42;42;42m█[38;2;44;44;44m█[38;2;26;26;26m█                                      [0m
                                    [38;2;50;50;50m█[38;2;121;255;0m█[38;2;127;255;0m█[38;2;133;255;0m█[38;2;42;42;42m█      [38;2;46;46;46m█[38;2;153;255;0m█[38;2;159;255;0m█[38;2;42;42;42m█[38;2;39;39;39m█[38;2;43;43;43m█[38;2;184;255;0m█[38;2;191;255;0m█[38;2;197;255;0m█[38;2;5;5;5m█[38;2;210;255;0m█[38;2;216;255;0m█[38;2;223;255;0m█[38;2;229;255;0m█[38;2;37;37;37m█ [38;2;37;37;37m█[38;2;14;14;14m█[38;2;11;11;11m█[38;2;51;51;51m█[38;2;10;10;10m█  [38;2;28;28;28m█[38;2;10;10;10m█  [38;2;6;6;6m█[38;2;6;6;6m█[38;2;8;8;8m█[38;2;41;41;41m█[38;2;44;44;44m█[38;2;43;43;43m█[38;2;44;44;44m█[38;2;42;42;42m█[38;2;16;16;16m█                                     [0m
                                  [38;2;11;11;11m█[38;2;38;38;38m█[38;2;255;153;0m█[38;2;255;146;0m█[38;2;255;140;0m█[38;2;255;133;0m█[38;2;255;127;0m█[38;2;42;42;42m█     [38;2;53;53;53m█[38;2;255;108;0m█[38;2;55;55;55m█[38;2;255;95;0m█[38;2;45;45;45m█[38;2;19;19;19m█[38;2;255;76;0m█[38;2;40;40;40m█[38;2;21;21;21m█ [38;2;46;46;46m█[38;2;255;50;0m█[38;2;255;44;0m█[38;2;255;38;0m█[38;2;41;41;41m█ [38;2;33;33;33m█[38;2;14;14;14m█[38;2;6;6;6m█[38;2;49;49;49m█[38;2;11;11;11m█ [38;2;3;3;3m█[38;2;35;35;35m█[38;2;11;11;11m█   [38;2;6;6;6m█[38;2;39;39;39m█[38;2;47;47;47m█[38;2;44;44;44m█[38;2;44;44;44m█[38;2;44;44;44m█[38;2;43;43;43m█[38;2;42;42;42m█[38;2;28;28;28m█[38;2;12;12;12m█[38;2;4;4;4m█                                  [0m
                                [38;2;16;16;16m█[38;2;43;43;43m█[38;2;108;255;0m█[38;2;114;255;0m█[38;2;121;255;0m█[38;2;127;255;0m█[38;2;133;255;0m█[38;2;140;255;0m█[38;2;146;255;0m█[38;2;153;255;0m█[38;2;17;17;17m█  [38;2;3;3;3m█ [38;2;172;255;0m█[38;2;178;255;0m█[38;2;184;255;0m█[38;2;55;55;55m█[38;2;197;255;0m█[38;2;204;255;0m█[38;2;210;255;0m█[38;2;35;35;35m█  [38;2;42;42;42m█[38;2;229;255;0m█[38;2;235;255;0m█[38;2;242;255;0m█[38;2;30;30;30m█ [38;2;32;32;32m█[38;2;13;13;13m█[38;2;5;5;5m█[38;2;35;35;35m█[38;2;7;7;7m█ [38;2;6;6;6m█[38;2;46;46;46m█[38;2;11;11;11m█  [38;2;8;8;8m█[38;2;41;41;41m█[38;2;46;46;46m█[38;2;44;44;44m█[38;2;43;43;43m█[38;2;43;43;43m█[38;2;42;42;42m█[38;2;42;42;42m█[38;2;42;42;42m█[38;2;44;44;44m█[38;2;44;44;44m█[38;2;37;37;37m█[38;2;27;27;27m█[38;2;15;15;15m█[38;2;5;5;5m█                               [0m
                            [38;2;8;8;8m█[38;2;17;17;17m█[38;2;30;30;30m█[38;2;47;47;47m█[38;2;255;82;0m█[38;2;255;76;0m█[38;2;255;70;0m█[38;2;255;63;0m█[38;2;255;57;0m█[38;2;255;50;0m█[38;2;255;44;0m█[38;2;255;38;0m█[38;2;255;31;0m█[38;2;255;25;0m█[38;2;255;19;0m█    [38;2;50;50;50m█[38;2;255;6;0m█[38;2;0;255;0m█[38;2;6;255;0m█[38;2;12;255;0m█[38;2;54;54;54m█[38;2;25;255;0m█[38;2;43;43;43m█  [38;2;52;52;52m█[38;2;44;255;0m█[38;2;51;255;0m█[38;2;57;255;0m█[38;2;37;37;37m█ [38;2;34;34;34m█[38;2;12;12;12m█[38;2;4;4;4m█[38;2;29;29;29m█[38;2;8;8;8m█ [38;2;3;3;3m█[38;2;28;28;28m█[38;2;7;7;7m█ [38;2;4;4;4m█[38;2;41;41;41m█[38;2;48;48;48m█[38;2;44;44;44m█[38;2;44;44;44m█[38;2;43;43;43m█[38;2;42;42;42m█[38;2;42;42;42m█[38;2;43;43;43m█[38;2;43;43;43m█[38;2;43;43;43m█[38;2;43;43;43m█[38;2;44;44;44m█[38;2;45;45;45m█[38;2;45;45;45m█[38;2;39;39;39m█[38;2;28;28;28m█[38;2;18;18;18m█[38;2;9;9;9m█[38;2;4;4;4m█                           [0m
                        [38;2;5;5;5m█[38;2;18;18;18m█[38;2;34;34;34m█[38;2;47;47;47m█[38;2;255;235;0m█[38;2;255;229;0m█[38;2;255;223;0m█[38;2;255;216;0m█[38;2;255;210;0m█[38;2;255;204;0m█[38;2;255;197;0m█[38;2;255;191;0m█[38;2;255;184;0m█[38;2;255;178;0m█[38;2;255;172;0m█[38;2;255;165;0m█[38;2;255;159;0m█[38;2;255;153;0m█[38;2;255;146;0m█[38;2;41;41;41m█[38;2;11;11;11m█  [38;2;255;127;0m█[38;2;255;121;0m█[38;2;255;114;0m█[38;2;255;108;0m█[38;2;38;38;38m█[38;2;26;26;26m█[38;2;255;89;0m█[38;2;47;47;47m█[38;2;9;9;9m█ [38;2;30;30;30m█[38;2;45;45;45m█[38;2;255;57;0m█[38;2;255;50;0m█[38;2;30;30;30m█ [38;2;24;24;24m█[38;2;11;11;11m█[38;2;5;5;5m█[38;2;25;25;25m█[38;2;6;6;6m█     [38;2;24;24;24m█[38;2;49;49;49m█[38;2;45;45;45m█[38;2;45;45;45m█[38;2;44;44;44m█[38;2;43;43;43m█[38;2;42;42;42m█[38;2;42;42;42m█[38;2;43;43;43m█[38;2;43;43;43m█[38;2;43;43;43m█[38;2;43;43;43m█[38;2;43;43;43m█[38;2;43;43;43m█[38;2;43;43;43m█[38;2;43;43;43m█[38;2;44;44;44m█[38;2;44;44;44m█[38;2;41;41;41m█[38;2;37;37;37m█[38;2;30;30;30m█[38;2;19;19;19m█[38;2;9;9;9m█                        [0m
                     [38;2;6;6;6m█[38;2;22;22;22m█[38;2;41;41;41m█[38;2;55;55;55m█[38;2;165;255;0m█[38;2;172;255;0m█[38;2;178;255;0m█[38;2;184;255;0m█[38;2;191;255;0m█[38;2;197;255;0m█[38;2;204;255;0m█[38;2;210;255;0m█[38;2;216;255;0m█[38;2;223;255;0m█[38;2;229;255;0m█[38;2;235;255;0m█[38;2;242;255;0m█[38;2;248;255;0m█[38;2;255;255;0m█[38;2;255;248;0m█[38;2;255;242;0m█[38;2;255;235;0m█[38;2;255;229;0m█[38;2;255;223;0m█[38;2;21;21;21m█ [38;2;25;25;25m█[38;2;37;37;37m█[38;2;31;31;31m█[38;2;34;34;34m█[38;2;13;13;13m█ [38;2;255;178;0m█[38;2;255;172;0m█[38;2;50;50;50m█  [38;2;11;11;11m█[38;2;51;51;51m█[38;2;5;5;5m█  [38;2;24;24;24m█[38;2;13;13;13m█[38;2;4;4;4m█[38;2;27;27;27m█[38;2;7;7;7m█     [38;2;19;19;19m█[38;2;47;47;47m█[38;2;47;47;47m█[38;2;45;45;45m█[38;2;44;44;44m█[38;2;43;43;43m█[38;2;42;42;42m█[38;2;42;42;42m█[38;2;43;43;43m█[38;2;43;43;43m█[38;2;43;43;43m█[38;2;43;43;43m█[38;2;43;43;43m█[38;2;43;43;43m█[38;2;43;43;43m█[38;2;43;43;43m█[38;2;43;43;43m█[38;2;43;43;43m█[38;2;43;43;43m█[38;2;43;43;43m█[38;2;44;44;44m█[38;2;45;45;45m█[38;2;42;42;42m█[38;2;36;36;36m█[38;2;25;25;25m█[38;2;14;14;14m█[38;2;6;6;6m█                    [0m
                 [38;2;4;4;4m█[38;2;12;12;12m█[38;2;25;25;25m█[38;2;41;41;41m█[38;2;55;55;55m█[38;2;95;255;0m█[38;2;102;255;0m█[38;2;108;255;0m█[38;2;114;255;0m█[38;2;121;255;0m█[38;2;127;255;0m█[38;2;133;255;0m█[38;2;140;255;0m█[38;2;146;255;0m█[38;2;153;255;0m█[38;2;159;255;0m█[38;2;165;255;0m█[38;2;172;255;0m█[38;2;178;255;0m█[38;2;184;255;0m█[38;2;191;255;0m█[38;2;197;255;0m█[38;2;204;255;0m█[38;2;210;255;0m█[38;2;216;255;0m█[38;2;223;255;0m█[38;2;229;255;0m█[38;2;235;255;0m█[38;2;30;30;30m█ [38;2;27;27;27m█[38;2;31;31;31m█[38;2;4;4;4m█   [38;2;53;53;53m█[38;2;255;235;0m█[38;2;51;51;51m█  [38;2;13;13;13m█[38;2;42;42;42m█   [38;2;41;41;41m█[38;2;16;16;16m█ [38;2;13;13;13m█[38;2;4;4;4m█      [38;2;11;11;11m█[38;2;37;37;37m█[38;2;47;47;47m█[38;2;44;44;44m█[38;2;43;43;43m█[38;2;42;42;42m█[38;2;42;42;42m█[38;2;43;43;43m█[38;2;43;43;43m█[38;2;43;43;43m█[38;2;43;43;43m█[38;2;43;43;43m█[38;2;43;43;43m█[38;2;43;43;43m█[38;2;43;43;43m█[38;2;43;43;43m█[38;2;43;43;43m█[38;2;43;43;43m█[38;2;43;43;43m█[38;2;43;43;43m█[38;2;43;43;43m█[38;2;43;43;43m█[38;2;44;44;44m█[38;2;45;45;45m█[38;2;43;43;43m█[38;2;40;40;40m█[38;2;32;32;32m█[38;2;25;25;25m█[38;2;15;15;15m█[38;2;6;6;6m█                [0m
              [38;2;13;13;13m█[38;2;28;28;28m█[38;2;41;41;41m█[38;2;52;52;52m█[38;2;31;255;0m█[38;2;38;255;0m█[38;2;44;255;0m█[38;2;51;255;0m█[38;2;57;255;0m█[38;2;63;255;0m█[38;2;70;255;0m█[38;2;76;255;0m█[38;2;82;255;0m█[38;2;89;255;0m█[38;2;95;255;0m█[38;2;102;255;0m█[38;2;108;255;0m█[38;2;114;255;0m█[38;2;121;255;0m█[38;2;127;255;0m█[38;2;133;255;0m█[38;2;140;255;0m█[38;2;146;255;0m█[38;2;153;255;0m█[38;2;159;255;0m█[38;2;165;255;0m█[38;2;172;255;0m█[38;2;178;255;0m█[38;2;184;255;0m█[38;2;191;255;0m█[38;2;42;42;42m█[38;2;4;4;4m█ [38;2;9;9;9m█[38;2;18;18;18m█[38;2;44;44;44m█[38;2;4;4;4m█  [38;2;42;42;42m█[38;2;30;30;30m█[38;2;14;14;14m█  [38;2;10;10;10m█[38;2;35;35;35m█   [38;2;30;30;30m█[38;2;17;17;17m█          [38;2;3;3;3m█[38;2;29;29;29m█[38;2;46;46;46m█[38;2;43;43;43m█[38;2;42;42;42m█[38;2;42;42;42m█[38;2;43;43;43m█[38;2;43;43;43m█[38;2;43;43;43m█[38;2;43;43;43m█[38;2;43;43;43m█[38;2;43;43;43m█[38;2;43;43;43m█[38;2;43;43;43m█[38;2;43;43;43m█[38;2;43;43;43m█[38;2;43;43;43m█[38;2;43;43;43m█[38;2;43;43;43m█[38;2;43;43;43m█[38;2;43;43;43m█[38;2;43;43;43m█[38;2;43;43;43m█[38;2;43;43;43m█[38;2;43;43;43m█[38;2;43;43;43m█[38;2;42;42;42m█[38;2;42;42;42m█[38;2;40;40;40m█[38;2;34;34;34m█[38;2;24;24;24m█[38;2;12;12;12m█             [0m
           [38;2;3;3;3m█[38;2;18;18;18m█[38;2;38;38;38m█[38;2;49;49;49m█[38;2;0;255;0m█[38;2;6;255;0m█[38;2;12;255;0m█[38;2;19;255;0m█[38;2;25;255;0m█[38;2;31;255;0m█[38;2;38;255;0m█[38;2;44;255;0m█[38;2;51;255;0m█[38;2;57;255;0m█[38;2;63;255;0m█[38;2;70;255;0m█[38;2;76;255;0m█[38;2;82;255;0m█[38;2;89;255;0m█[38;2;95;255;0m█[38;2;102;255;0m█[38;2;108;255;0m█[38;2;114;255;0m█[38;2;121;255;0m█[38;2;127;255;0m█[38;2;133;255;0m█[38;2;140;255;0m█[38;2;146;255;0m█[38;2;153;255;0m█[38;2;159;255;0m█[38;2;165;255;0m█[38;2;172;255;0m█[38;2;45;45;45m█[38;2;5;5;5m█   [38;2;5;5;5m█[38;2;41;41;41m█[38;2;4;4;4m█  [38;2;44;44;44m█[38;2;21;21;21m█   [38;2;7;7;7m█[38;2;46;46;46m█[38;2;5;5;5m█  [38;2;23;23;23m█[38;2;15;15;15m█           [38;2;29;29;29m█[38;2;46;46;46m█[38;2;43;43;43m█[38;2;42;42;42m█[38;2;42;42;42m█[38;2;43;43;43m█[38;2;43;43;43m█[38;2;43;43;43m█[38;2;43;43;43m█[38;2;43;43;43m█[38;2;43;43;43m█[38;2;43;43;43m█[38;2;43;43;43m█[38;2;43;43;43m█[38;2;43;43;43m█[38;2;43;43;43m█[38;2;43;43;43m█[38;2;43;43;43m█[38;2;43;43;43m█[38;2;43;43;43m█[38;2;43;43;43m█[38;2;42;42;42m█[38;2;42;42;42m█[38;2;42;42;42m█[38;2;41;41;41m█[38;2;41;41;41m█[38;2;42;42;42m█[38;2;42;42;42m█[38;2;43;43;43m█[38;2;43;43;43m█[38;2;39;39;39m█[38;2;30;30;30m█[38;2;16;16;16m█[38;2;4;4;4m█          [0m
         [38;2;3;3;3m█[38;2;15;15;15m█[38;2;30;30;30m█[38;2;42;42;42m█[38;2;48;48;48m█[38;2;47;47;47m█[38;2;0;255;0m█[38;2;6;255;0m█[38;2;12;255;0m█[38;2;19;255;0m█[38;2;25;255;0m█[38;2;31;255;0m█[38;2;38;255;0m█[38;2;44;255;0m█[38;2;51;255;0m█[38;2;52;52;52m█[38;2;63;255;0m█[38;2;70;255;0m█[38;2;54;54;54m█[38;2;52;52;52m█[38;2;51;51;51m█[38;2;51;51;51m█[38;2;102;255;0m█[38;2;108;255;0m█[38;2;114;255;0m█[38;2;121;255;0m█[38;2;127;255;0m█[38;2;133;255;0m█[38;2;140;255;0m█[38;2;146;255;0m█[38;2;153;255;0m█[38;2;159;255;0m█[38;2;165;255;0m█[38;2;172;255;0m█[38;2;13;13;13m█    [38;2;9;9;9m█[38;2;40;40;40m█   [38;2;54;54;54m█[38;2;26;26;26m█   [38;2;3;3;3m█[38;2;31;31;31m█[38;2;6;6;6m█  [38;2;38;38;38m█[38;2;16;16;16m█          [38;2;14;14;14m█[38;2;45;45;45m█[38;2;43;43;43m█[38;2;43;43;43m█[38;2;43;43;43m█[38;2;43;43;43m█[38;2;43;43;43m█[38;2;43;43;43m█[38;2;43;43;43m█[38;2;43;43;43m█[38;2;43;43;43m█[38;2;43;43;43m█[38;2;43;43;43m█[38;2;43;43;43m█[38;2;42;42;42m█[38;2;42;42;42m█[38;2;42;42;42m█[38;2;43;43;43m█[38;2;43;43;43m█[38;2;43;43;43m█[38;2;42;42;42m█[38;2;45;45;45m█[38;2;45;45;45m█[38;2;40;40;40m█[38;2;40;40;40m█[38;2;39;39;39m█[38;2;40;40;40m█[38;2;49;49;49m█[38;2;38;38;38m█[38;2;41;41;41m█[38;2;42;42;42m█[38;2;37;37;37m█[38;2;33;33;33m█[38;2;31;31;31m█[38;2;25;25;25m█[38;2;8;8;8m█         [0m
        [38;2;4;4;4m█[38;2;13;13;13m█[38;2;19;19;19m█[38;2;27;27;27m█[38;2;32;32;32m█[38;2;42;42;42m█[38;2;42;42;42m█[38;2;50;50;50m█[38;2;54;54;54m█[38;2;53;53;53m█[38;2;51;51;51m█[38;2;55;55;55m█[38;2;48;48;48m█[38;2;46;46;46m█[38;2;46;46;46m█[38;2;51;51;51m█[38;2;46;46;46m█[38;2;45;45;45m█[38;2;44;44;44m█[38;2;46;46;46m█[38;2;46;46;46m█[38;2;47;47;47m█[38;2;47;47;47m█[38;2;108;255;0m█[38;2;114;255;0m█[38;2;121;255;0m█[38;2;127;255;0m█[38;2;133;255;0m█[38;2;140;255;0m█[38;2;146;255;0m█[38;2;153;255;0m█[38;2;159;255;0m█[38;2;165;255;0m█[38;2;172;255;0m█[38;2;178;255;0m█[38;2;11;11;11m█    [38;2;19;19;19m█[38;2;46;46;46m█   [38;2;35;35;35m█[38;2;19;19;19m█    [38;2;28;28;28m█[38;2;5;5;5m█  [38;2;38;38;38m█[38;2;14;14;14m█         [38;2;17;17;17m█[38;2;42;42;42m█[38;2;44;44;44m█[38;2;43;43;43m█[38;2;43;43;43m█[38;2;43;43;43m█[38;2;43;43;43m█[38;2;43;43;43m█[38;2;43;43;43m█[38;2;42;42;42m█[38;2;42;42;42m█[38;2;42;42;42m█[38;2;42;42;42m█[38;2;43;43;43m█[38;2;43;43;43m█[38;2;42;42;42m█[38;2;42;42;42m█[38;2;41;41;41m█[38;2;43;43;43m█[38;2;43;43;43m█[38;2;41;41;41m█[38;2;41;41;41m█[38;2;44;44;44m█[38;2;46;46;46m█[38;2;40;40;40m█[38;2;38;38;38m█[38;2;34;34;34m█[38;2;34;34;34m█[38;2;36;36;36m█[38;2;32;32;32m█[38;2;37;37;37m█[38;2;43;43;43m█[38;2;32;32;32m█[38;2;27;27;27m█[38;2;19;19;19m█[38;2;15;15;15m█[38;2;9;9;9m█         [0m
        [38;2;5;5;5m█[38;2;11;11;11m█[38;2;10;10;10m█[38;2;9;9;9m█[38;2;16;16;16m█[38;2;36;36;36m█[38;2;40;40;40m█[38;2;44;44;44m█[38;2;48;48;48m█[38;2;43;43;43m█[38;2;43;43;43m█[38;2;44;44;44m█[38;2;44;44;44m█[38;2;42;42;42m█[38;2;42;42;42m█[38;2;30;30;30m█[38;2;34;34;34m█[38;2;49;49;49m█[38;2;43;43;43m█[38;2;39;39;39m█[38;2;43;43;43m█[38;2;42;42;42m█[38;2;43;43;43m█[38;2;52;52;52m█[38;2;55;55;55m█[38;2;54;54;54m█[38;2;133;255;0m█[38;2;140;255;0m█[38;2;146;255;0m█[38;2;153;255;0m█[38;2;159;255;0m█[38;2;165;255;0m█[38;2;172;255;0m█[38;2;178;255;0m█[38;2;184;255;0m█[38;2;35;35;35m█    [38;2;24;24;24m█[38;2;204;255;0m█   [38;2;16;16;16m█[38;2;13;13;13m█    [38;2;22;22;22m█[38;2;5;5;5m█  [38;2;25;25;25m█[38;2;10;10;10m█        [38;2;19;19;19m█[38;2;47;47;47m█[38;2;44;44;44m█[38;2;44;44;44m█[38;2;44;44;44m█[38;2;44;44;44m█[38;2;43;43;43m█[38;2;43;43;43m█[38;2;43;43;43m█[38;2;43;43;43m█[38;2;43;43;43m█[38;2;43;43;43m█[38;2;44;44;44m█[38;2;41;41;41m█[38;2;42;42;42m█[38;2;43;43;43m█[38;2;43;43;43m█[38;2;42;42;42m█[38;2;38;38;38m█[38;2;40;40;40m█[38;2;42;42;42m█[38;2;40;40;40m█[38;2;38;38;38m█[38;2;50;50;50m█[38;2;46;46;46m█[38;2;40;40;40m█[38;2;37;37;37m█[38;2;34;34;34m█[38;2;33;33;33m█[38;2;33;33;33m█[38;2;30;30;30m█[38;2;32;32;32m█[38;2;37;37;37m█[38;2;30;30;30m█[38;2;27;27;27m█[38;2;19;19;19m█[38;2;11;11;11m█          [0m
        [38;2;4;4;4m█[38;2;7;7;7m█[38;2;3;3;3m█[38;2;12;12;12m█[38;2;19;19;19m█[38;2;27;27;27m█[38;2;32;32;32m█[38;2;37;37;37m█[38;2;44;44;44m█[38;2;40;40;40m█[38;2;40;40;40m█[38;2;41;41;41m█[38;2;40;40;40m█[38;2;31;31;31m█[38;2;25;25;25m█[38;2;24;24;24m█[38;2;28;28;28m█[38;2;41;41;41m█[38;2;45;45;45m█[38;2;38;38;38m█[38;2;38;38;38m█[38;2;38;38;38m█[38;2;42;42;42m█[38;2;46;46;46m█[38;2;49;49;49m█[38;2;46;46;46m█[38;2;50;50;50m█[38;2;55;55;55m█[38;2;53;53;53m█[38;2;52;52;52m█[38;2;53;53;53m█[38;2;45;45;45m█[38;2;47;47;47m█[38;2;51;51;51m█[38;2;52;52;52m█[38;2;54;54;54m█[38;2;31;31;31m█   [38;2;22;22;22m█[38;2;50;50;50m█   [38;2;17;17;17m█[38;2;12;12;12m█   [38;2;4;4;4m█[38;2;21;21;21m█[38;2;6;6;6m█  [38;2;4;4;4m█         [38;2;35;35;35m█[38;2;44;44;44m█[38;2;42;42;42m█[38;2;44;44;44m█[38;2;41;41;41m█[38;2;41;41;41m█[38;2;41;41;41m█[38;2;40;40;40m█[38;2;40;40;40m█[38;2;41;41;41m█[38;2;41;41;41m█[38;2;45;45;45m█[38;2;255;172;0m█[38;2;40;40;40m█[38;2;38;38;38m█[38;2;39;39;39m█[38;2;53;53;53m█[38;2;42;42;42m█[38;2;35;35;35m█[38;2;27;27;27m█[38;2;47;47;47m█[38;2;48;48;48m█[38;2;37;37;37m█[38;2;44;44;44m█[38;2;36;36;36m█[38;2;35;35;35m█[38;2;37;37;37m█[38;2;28;28;28m█[38;2;25;25;25m█[38;2;23;23;23m█[38;2;18;18;18m█[38;2;37;37;37m█[38;2;255;44;0m█[38;2;40;40;40m█[38;2;20;20;20m█[38;2;12;12;12m█[38;2;10;10;10m█          [0m
           [38;2;6;6;6m█[38;2;10;10;10m█[38;2;14;14;14m█[38;2;11;11;11m█[38;2;14;14;14m█[38;2;36;36;36m█[38;2;37;37;37m█[38;2;31;31;31m█[38;2;31;31;31m█[38;2;30;30;30m█[38;2;24;24;24m█[38;2;12;12;12m█[38;2;25;25;25m█[38;2;23;23;23m█[38;2;20;20;20m█[38;2;34;34;34m█[38;2;31;31;31m█[38;2;36;36;36m█[38;2;39;39;39m█[38;2;34;34;34m█[38;2;39;39;39m█[38;2;44;44;44m█[38;2;40;40;40m█[38;2;40;40;40m█[38;2;39;39;39m█[38;2;42;42;42m█[38;2;39;39;39m█[38;2;43;43;43m█[38;2;40;40;40m█[38;2;40;40;40m█[38;2;43;43;43m█[38;2;45;45;45m█[38;2;40;40;40m█[38;2;35;35;35m█[38;2;31;31;31m█  [38;2;14;14;14m█[38;2;32;32;32m█   [38;2;22;22;22m█[38;2;14;14;14m█    [38;2;7;7;7m█           [38;2;5;5;5m█[38;2;23;23;23m█[38;2;29;29;29m█[38;2;31;31;31m█[38;2;32;32;32m█[38;2;37;37;37m█[38;2;31;31;31m█[38;2;33;33;33m█[38;2;35;35;35m█[38;2;32;32;32m█[38;2;32;32;32m█[38;2;35;35;35m█[38;2;36;36;36m█[38;2;36;36;36m█[38;2;36;36;36m█[38;2;30;30;30m█[38;2;30;30;30m█[38;2;31;31;31m█[38;2;30;30;30m█[38;2;33;33;33m█[38;2;30;30;30m█[38;2;14;14;14m█[38;2;19;19;19m█[38;2;22;22;22m█[38;2;23;23;23m█[38;2;27;27;27m█[38;2;19;19;19m█[38;2;13;13;13m█[38;2;34;34;34m█[38;2;12;12;12m█[38;2;8;8;8m█[38;2;23;23;23m█[38;2;5;5;5m█[38;2;25;25;25m█[38;2;47;47;47m█[38;2;39;39;39m█[38;2;11;11;11m█ [38;2;6;6;6m█          [0m
           [38;2;5;5;5m█[38;2;10;10;10m█[38;2;13;13;13m█[38;2;4;4;4m█ [38;2;14;14;14m█[38;2;21;21;21m█[38;2;23;23;23m█[38;2;26;26;26m█[38;2;25;25;25m█[38;2;19;19;19m█[38;2;13;13;13m█[38;2;21;21;21m█[38;2;13;13;13m█ [38;2;18;18;18m█[38;2;23;23;23m█[38;2;36;36;36m█[38;2;76;255;0m█[38;2;39;39;39m█[38;2;33;33;33m█[38;2;40;40;40m█[38;2;38;38;38m█[38;2;34;34;34m█[38;2;24;24;24m█[38;2;34;34;34m█[38;2;35;35;35m█[38;2;40;40;40m█[38;2;35;35;35m█[38;2;36;36;36m█[38;2;37;37;37m█[38;2;16;16;16m█[38;2;22;22;22m█[38;2;30;30;30m█[38;2;36;36;36m█[38;2;8;8;8m█ [38;2;15;15;15m█[38;2;20;20;20m█   [38;2;7;7;7m█[38;2;4;4;4m█                [38;2;17;17;17m█[38;2;29;29;29m█[38;2;16;16;16m█[38;2;20;20;20m█[38;2;24;24;24m█[38;2;20;20;20m█[38;2;16;16;16m█[38;2;19;19;19m█[38;2;31;31;31m█[38;2;31;31;31m█[38;2;32;32;32m█[38;2;33;33;33m█[38;2;35;35;35m█[38;2;24;24;24m█[38;2;10;10;10m█[38;2;27;27;27m█[38;2;28;28;28m█[38;2;26;26;26m█[38;2;25;25;25m█[38;2;29;29;29m█[38;2;25;25;25m█[38;2;7;7;7m█[38;2;8;8;8m█[38;2;11;11;11m█[38;2;17;17;17m█[38;2;32;32;32m█[38;2;22;22;22m█[38;2;19;19;19m█[38;2;23;23;23m█[38;2;10;10;10m█[38;2;6;6;6m█[38;2;16;16;16m█ [38;2;7;7;7m█[38;2;22;22;22m█[38;2;48;48;48m█[38;2;13;13;13m█ [38;2;5;5;5m█          [0m
           [38;2;4;4;4m█[38;2;10;10;10m█[38;2;3;3;3m█  [38;2;5;5;5m█[38;2;11;11;11m█[38;2;15;15;15m█[38;2;26;26;26m█[38;2;7;7;7m█[38;2;5;5;5m█[38;2;17;17;17m█[38;2;14;14;14m█[38;2;8;8;8m█ [38;2;10;10;10m█[38;2;11;11;11m█[38;2;15;15;15m█[38;2;38;255;0m█[38;2;31;31;31m█[38;2;16;16;16m█[38;2;35;35;35m█[38;2;31;31;31m█[38;2;30;30;30m█[38;2;26;26;26m█[38;2;28;28;28m█[38;2;24;24;24m█[38;2;22;22;22m█[38;2;23;23;23m█[38;2;27;27;27m█[38;2;32;32;32m█[38;2;15;15;15m█[38;2;19;19;19m█[38;2;18;18;18m█[38;2;4;4;4m█[38;2;18;18;18m█[38;2;5;5;5m█                       [38;2;12;12;12m█[38;2;21;21;21m█[38;2;10;10;10m█[38;2;13;13;13m█[38;2;14;14;14m█[38;2;17;17;17m█[38;2;18;18;18m█[38;2;16;16;16m█[38;2;17;17;17m█[38;2;22;22;22m█[38;2;20;20;20m█[38;2;18;18;18m█[38;2;34;34;34m█[38;2;19;19;19m█ [38;2;20;20;20m█[38;2;17;17;17m█[38;2;17;17;17m█[38;2;28;28;28m█[38;2;21;21;21m█[38;2;20;20;20m█[38;2;30;30;30m█[38;2;13;13;13m█[38;2;12;12;12m█[38;2;31;31;31m█[38;2;24;24;24m█[38;2;12;12;12m█[38;2;6;6;6m█[38;2;5;5;5m█[38;2;3;3;3m█[38;2;4;4;4m█[38;2;10;10;10m█[38;2;3;3;3m█[38;2;4;4;4m█[38;2;14;14;14m█[38;2;55;55;55m█[38;2;15;15;15m█            [0m
           [38;2;3;3;3m█[38;2;7;7;7m█    [38;2;8;8;8m█[38;2;13;13;13m█[38;2;26;26;26m█[38;2;3;3;3m█[38;2;3;3;3m█[38;2;19;19;19m█[38;2;3;3;3m█  [38;2;6;6;6m█[38;2;4;4;4m█[38;2;8;8;8m█[38;2;39;39;39m█[38;2;18;18;18m█[38;2;7;7;7m█[38;2;18;18;18m█[38;2;12;12;12m█[38;2;10;10;10m█[38;2;13;13;13m█[38;2;24;24;24m█[38;2;20;20;20m█ [38;2;21;21;21m█[38;2;27;27;27m█[38;2;33;33;33m█[38;2;14;14;14m█[38;2;6;6;6m█  [38;2;21;21;21m█[38;2;5;5;5m█                       [38;2;9;9;9m█[38;2;17;17;17m█ [38;2;18;18;18m█[38;2;19;19;19m█[38;2;6;6;6m█[38;2;9;9;9m█[38;2;13;13;13m█[38;2;20;20;20m█[38;2;12;12;12m█[38;2;9;9;9m█ [38;2;16;16;16m█[38;2;10;10;10m█  [38;2;3;3;3m█[38;2;10;10;10m█[38;2;24;24;24m█[38;2;24;24;24m█[38;2;28;28;28m█[38;2;23;23;23m█[38;2;6;6;6m█[38;2;9;9;9m█[38;2;32;32;32m█[38;2;4;4;4m█  [38;2;6;6;6m█  [38;2;7;7;7m█  [38;2;3;3;3m█[38;2;24;24;24m█[38;2;7;7;7m█            [0m
            [38;2;3;3;3m█     [38;2;6;6;6m█[38;2;16;16;16m█  [38;2;8;8;8m█     [38;2;4;4;4m█[38;2;37;37;37m█[38;2;14;14;14m█ [38;2;11;11;11m█  [38;2;8;8;8m█[38;2;20;20;20m█[38;2;17;17;17m█ [38;2;6;6;6m█[38;2;10;10;10m█[38;2;16;16;16m█    [38;2;13;13;13m█[38;2;3;3;3m█                       [38;2;6;6;6m█[38;2;9;9;9m█ [38;2;16;16;16m█[38;2;18;18;18m█  [38;2;3;3;3m█[38;2;12;12;12m█[38;2;14;14;14m█[38;2;9;9;9m█ [38;2;6;6;6m█[38;2;4;4;4m█  [38;2;4;4;4m█[38;2;7;7;7m█[38;2;8;8;8m█[38;2;14;14;14m█[38;2;19;19;19m█  [38;2;7;7;7m█[38;2;25;25;25m█[38;2;4;4;4m█     [38;2;8;8;8m█                 [0m
                 [38;2;3;3;3m█[38;2;7;7;7m█[38;2;9;9;9m█         [38;2;25;25;25m█[38;2;9;9;9m█  [38;2;3;3;3m█[38;2;6;6;6m█[38;2;8;8;8m█[38;2;13;13;13m█[38;2;10;10;10m█  [38;2;3;3;3m█[38;2;5;5;5m█    [38;2;8;8;8m█                           [38;2;3;3;3m█     [38;2;13;13;13m█[38;2;11;11;11m█ [38;2;4;4;4m█[38;2;4;4;4m█     [38;2;14;14;14m█[38;2;23;23;23m█   [38;2;10;10;10m█[38;2;3;3;3m█     [38;2;4;4;4m█                 [0m
                  [38;2;3;3;3m█          [38;2;12;12;12m█[38;2;4;4;4m█   [38;2;4;4;4m█[38;2;7;7;7m█[38;2;11;11;11m█[38;2;8;8;8m█   [38;2;3;3;3m█    [38;2;4;4;4m█                                    [38;2;3;3;3m█[38;2;3;3;3m█     [38;2;12;12;12m█[38;2;18;18;18m█   [38;2;4;4;4m█      [38;2;3;3;3m█                 [0m
                             [38;2;6;6;6m█      [38;2;3;3;3m█[38;2;3;3;3m█                                                    [38;2;3;3;3m█[38;2;4;4;4m█                            [0m
                             [38;2;3;3;3m█                                                                                          [0m
                                                                                                                        [0m
                                                                                                                        [0m
'


echo "$ansi"